start=2063.978583
pause=yes
volume=70.000000
gamma=11
brightness=-8
contrast=20
saturation=20
