start=318.885000
pause=yes
volume=54.000000
gamma=10
brightness=-5
contrast=10
saturation=15
