start=8470.753958
pause=yes
sub-delay=9.327999
sub-pos=99
