start=1180.713000
pause=yes
volume=60.000000
